 Total Energy   -31.8340269639284       2.131628207280301E-014
 Harris Energy  -31.8340269639284     
 Free Energy    -31.8340269639284     
 Ion-Ion                       4.87560257329040     
 Local Potential              -26.4592855976351     
 Ion Local Potential          -80.9829932590342     
 Ion Nonlocal Potential     Not computed
 Kinetic Energy             Not computed
 Hartree Energy                31.6933105403256     
 Exchange-Correlation Energy  -6.83623997243101     
 Exchange Energy              -6.38104785650847     
 Correlation Energy          -0.455192115922538     
 Sum of eigenvalues           -7.04299244371425     
 Fermi energy                -0.225134956300293     
 Entropy                      0.000000000000000E+000
 Constant of local part       0.000000000000000E+000
 Total Energy (wo constant)   -31.8340269639284     
 Dispersion energy            0.000000000000000E+000
 Eigenvalues
   k     n          esp(n,k,s)    esp_err   occ(n,k,s)  
   1     1  -1.201547900613114  0.66613E-15   1.0000       -1.137740504221079  0.22204E-15   1.0000    
   1     2  -0.753446299028396  0.66613E-15   1.0000       -0.670871903122798  0.11102E-15   1.0000    
   1     3  -0.501229301194416 -0.44409E-15   1.0000       -0.449014265610502 -0.66613E-15   1.0000    
   1     4  -0.495418674894723  0.66613E-15   1.0000       -0.414343894826698 -0.72164E-15   1.0000    
   1     5  -0.495418674894723 -0.22204E-15   1.0000       -0.414343894826697  0.66613E-15   1.0000    
   1     6  -0.254808565240552  0.49960E-15   1.0000       -0.160187454440554  0.55511E-16   0.0000    
   1     7  -0.254808565240551  0.72164E-15   1.0000       -0.160187454440554 -0.41633E-15   0.0000    
   1     8  -0.008394788848322 -0.30829E-12   0.0000       -0.006596581635799  0.31367E-12   0.0000    
   1     9   0.034558529836450 -0.21563E-12   0.0000        0.040849268470561  0.48652E-11   0.0000    
   1    10   0.043924250783212 -0.15404E-14   0.0000        0.046196254240425  0.74276E-11   0.0000    
   1    11   0.043924250783417 -0.66193E-12   0.0000        0.046196254249245  0.89632E-12   0.0000    
   1    12   0.046117502238160  0.19774E-12   0.0000        0.047126060020665 -0.48780E-11   0.0000    
   1    13   0.053291065957371 -0.53270E-12   0.0000        0.054131881793003  0.18827E-11   0.0000    
   1    14   0.053636029407289 -0.51824E-12   0.0000        0.054559833969641 -0.89145E-11   0.0000    
   1    15   0.083538502643540 -0.35948E-12   0.0000        0.091471319777004  0.47676E-11   0.0000    
   1    16   0.097795152225483 -0.56625E-06   0.0000        0.099336025137313 -0.55522E-06   0.0000    
