 Total Energy   -31.8340269727805       4.973799150320701E-014
 Harris Energy  -31.8340269727805     
 Free Energy    -31.8340269727805     
 Ion-Ion                       4.87553577402399     
 Local Potential              -26.4592612380405     
 Ion Local Potential          -80.9828575250535     
 Ion Nonlocal Potential     Not computed
 Kinetic Energy             Not computed
 Hartree Energy                31.6932518011874     
 Exchange-Correlation Energy  -6.83623540193826     
 Exchange Energy              -6.38104364081207     
 Correlation Energy          -0.455191761126188     
 Sum of eigenvalues           -7.04298285904056     
 Fermi energy                -0.221748702308549     
 Entropy                      0.000000000000000E+000
 Constant of local part       0.000000000000000E+000
 Total Energy (wo constant)   -31.8340269727805     
 Dispersion energy            0.000000000000000E+000
 Eigenvalues
   k     n          esp(n,k,s)    esp_err   occ(n,k,s)  
   1     1  -1.201543956680031 -0.21760E-13   1.0000       -1.137736392690716 -0.38636E-13   1.0000    
   1     2  -0.753447871163138 -0.42077E-13   1.0000       -0.670873443391943 -0.36526E-13   1.0000    
   1     3  -0.501228775817441 -0.44520E-13   1.0000       -0.449013878979164 -0.30365E-13   1.0000    
   1     4  -0.495416976793164 -0.25313E-13   1.0000       -0.414342179810211 -0.33695E-13   1.0000    
   1     5  -0.495416976793159 -0.28477E-13   1.0000       -0.414342179810200 -0.39635E-13   1.0000    
   1     6  -0.254810113555703 -0.30975E-13   1.0000       -0.160188981980732 -0.35888E-13   0.0000    
   1     7  -0.254810113555696 -0.34694E-13   1.0000       -0.160188981980715 -0.42133E-13   0.0000    
   1     8  -0.008394789101259 -0.19777E-12   0.0000       -0.006596635687436  0.13049E-12   0.0000    
   1     9   0.034557847182047 -0.15645E-12   0.0000        0.040848927577136  0.89424E-12   0.0000    
   1    10   0.043924299117475 -0.12114E-12   0.0000        0.046196250349692  0.10096E-11   0.0000    
   1    11   0.043924299117540 -0.31510E-12   0.0000        0.046196250357069  0.11759E-11   0.0000    
   1    12   0.046117499956872 -0.44069E-13   0.0000        0.047126031605647 -0.10409E-11   0.0000    
   1    13   0.053291060620979 -0.26203E-12   0.0000        0.054131840178872  0.78085E-12   0.0000    
   1    14   0.053636050642721 -0.26153E-12   0.0000        0.054559807991051 -0.21944E-11   0.0000    
   1    15   0.083537260219374 -0.21917E-12   0.0000        0.091470791709775  0.87849E-12   0.0000    
   1    16   0.097769256702872 -0.16360E-07   0.0000        0.099306692640775 -0.35933E-09   0.0000    
   1    17   0.097801272008990 -0.65950E-06   0.0000        0.100790891942883 -0.16083E-06   0.0000    
   1    18   0.099769626505263 -0.39092E-06   0.0000        0.103849715815279 -0.24893E-04   0.0000    
