 Total Energy   -31.8340269382265       1.065814103640150E-014
 Harris Energy  -31.8340269382265     
 Free Energy    -31.8340269382265     
 Ion-Ion                       4.87579323249750     
 Local Potential              -26.4593551260391     
 Ion Local Potential          -80.9833806719951     
 Ion Nonlocal Potential     Not computed
 Kinetic Energy             Not computed
 Hartree Energy                31.6934781935361     
 Exchange-Correlation Energy  -6.83625301763636     
 Exchange Energy              -6.38105988905044     
 Correlation Energy          -0.455193128585922     
 Sum of eigenvalues           -7.04301980066778     
 Fermi energy                -0.224046233799303     
 Entropy                      0.000000000000000E+000
 Constant of local part       0.000000000000000E+000
 Total Energy (wo constant)   -31.8340269382265     
 Dispersion energy            0.000000000000000E+000
 Eigenvalues
   k     n          esp(n,k,s)    esp_err   occ(n,k,s)  
   1     1  -1.201559157473665 -0.13323E-14   1.0000       -1.137752239437115 -0.17764E-14   1.0000    
   1     2  -0.753441811879405 -0.18874E-14   1.0000       -0.670867506929916 -0.15543E-14   1.0000    
   1     3  -0.501230800699824 -0.12212E-14   1.0000       -0.449015369102378 -0.15543E-14   1.0000    
   1     4  -0.495423521684373 -0.16653E-14   1.0000       -0.414348789901577 -0.13323E-14   1.0000    
   1     5  -0.495423521684373 -0.18874E-14   1.0000       -0.414348789901577 -0.11657E-14   1.0000    
   1     6  -0.254804145986791 -0.15543E-14   1.0000       -0.160183094498737 -0.15543E-14   0.0000    
   1     7  -0.254804145986790 -0.16653E-14   1.0000       -0.160183094498737 -0.12212E-14   0.0000    
   1     8  -0.008394788130240  0.47937E-13   0.0000       -0.006596427364686 -0.82923E-13   0.0000    
   1     9   0.034560477786016  0.55539E-13   0.0000        0.040850241318559 -0.16182E-11   0.0000    
   1    10   0.043924112821943  0.10214E-13   0.0000        0.046196265354925 -0.74716E-12   0.0000    
   1    11   0.043924112822126  0.85702E-13   0.0000        0.046196265363338 -0.34257E-12   0.0000    
   1    12   0.046117508749683 -0.41897E-13   0.0000        0.047126141113545  0.11844E-11   0.0000    
   1    13   0.053291081184395  0.57294E-13   0.0000        0.054132000569040  0.32457E-12   0.0000    
   1    14   0.053635968795414  0.94549E-13   0.0000        0.054559908085739  0.83916E-12   0.0000    
   1    15   0.083542048039103  0.94105E-13   0.0000        0.091472826731879 -0.16046E-11   0.0000    
   1    16   0.097771963589751 -0.95127E-07   0.0000        0.099306615415570 -0.13402E-08   0.0000    
   1    17   0.097792732423159 -0.81498E-06   0.0000        0.099307041916574 -0.10273E-06   0.0000    
   1    18   0.099629559989645 -0.13882E-06   0.0000        0.100791407425484 -0.24276E-07   0.0000    
