    0.00000     -0.20938777     0.22822910     0.22822910     0.22835044     0.32269944     0.32269944     0.32287068     0.35519811     0.51290285     0.51290285     0.52180391     0.64277175
    0.03062     -0.20898349     0.22565131     0.22651042     0.22659320     0.32178055     0.32491226     0.32503036     0.35773623     0.50963863     0.51334879     0.52356673     0.64347171
    0.06123     -0.20777122     0.21839257     0.22179284     0.22186967     0.31897337     0.33110977     0.33123163     0.36464688     0.50089067     0.51468651     0.52873869     0.64556971
    0.09185     -0.20575261     0.20774219     0.21502292     0.21509474     0.31462956     0.34033818     0.34046731     0.37423229     0.48904895     0.51691576     0.53701032     0.64905920
    0.12247     -0.20293049     0.19488248     0.20709700     0.20716375     0.30914406     0.35168972     0.35182786     0.38422992     0.47698553     0.52003610     0.54796942     0.65392629
    0.15308     -0.19930885     0.18064063     0.19865334     0.19871514     0.30291836     0.36451139     0.36465972     0.39142404     0.46833745     0.52404691     0.56118625     0.66014442
    0.18370     -0.19489290     0.16553497     0.19010322     0.19016036     0.29630911     0.37837507     0.37853453     0.39180542     0.46738933     0.52894739     0.57626216     0.66766500
    0.21432     -0.18968916     0.14988189     0.18170776     0.18176060     0.28960999     0.38442745     0.39300218     0.39317385     0.47526374     0.53473651     0.59284221     0.67640066
    0.24493     -0.18370553     0.13387766     0.17363616     0.17368512     0.28305356     0.37243841     0.40820697     0.40839135     0.48891906     0.54141308     0.61060411     0.68619422
    0.27555     -0.17695139     0.11764979     0.16600177     0.16604725     0.27682118     0.35871165     0.42386199     0.42405990     0.50553431     0.54897564     0.62923349     0.69675714
    0.30617     -0.16943773     0.10128766     0.15888314     0.15892560     0.27105425     0.34471643     0.43987821     0.44009039     0.52365023     0.55742252     0.64838795     0.70754179
    0.33679     -0.16117733     0.08486068     0.15233651     0.15237638     0.26586405     0.33115593     0.45619325     0.45642036     0.54253860     0.56675176     0.66764598     0.71747856
    0.36740     -0.15218485     0.06842885     0.14640318     0.14644092     0.26133962     0.31838852     0.47276370     0.47300632     0.56178784     0.57696111     0.68643199     0.72455525
    0.39802     -0.14247711     0.05204867     0.14111417     0.14115023     0.25755373     0.30660741     0.48955900     0.48981755     0.58112985     0.58804801     0.70391037     0.72585705
    0.42864     -0.13207322     0.03577593     0.13649307     0.13652791     0.25456731     0.29591790     0.50655493     0.50682952     0.60000952     0.60036841     0.71887219     0.71965687
    0.45925     -0.12099489     0.01966677     0.13255798     0.13259207     0.25243276     0.28637404     0.52372440     0.52401451     0.61284229     0.61934588     0.70741499     0.70811829
    0.48987     -0.10926662     0.00377746     0.12932274     0.12935655     0.25119631     0.27799802     0.54102022     0.54132396     0.62654247     0.63792273     0.69179012     0.69248446
    0.52049     -0.09691597    -0.01183624     0.12679784     0.12683185     0.25089978     0.27079153     0.55833283     0.55864514     0.64110554     0.65595768     0.67470127     0.67539153
    0.55110     -0.08397380    -0.02712003     0.12499094     0.12502564     0.25158188     0.26474288     0.57535105     0.57565865     0.65650127     0.65744414     0.65812313     0.67328239
    0.58172     -0.07047450    -0.04202190     0.12390729     0.12394317     0.25327894     0.25983166     0.59090448     0.59117175     0.64158828     0.64235314     0.67280265     0.68965841
    0.61234     -0.05650359    -0.05644531     0.12354999     0.12358756     0.25602222     0.25603499     0.59922776     0.59943750     0.63320240     0.63405097     0.68992206     0.69081298
    0.71840     -0.08234480    -0.02706038     0.10795523     0.12755546     0.25988319     0.28754793     0.54999445     0.55387323     0.62697750     0.62967656     0.68148282     0.69795637
    0.82446     -0.10178786    -0.00543540     0.09326588     0.13914262     0.27499910     0.35363516     0.47780685     0.47905550     0.61423910     0.62089801     0.68069431     0.69921645
    0.93052     -0.11442949    -0.00838168     0.11390306     0.15660617     0.29743199     0.40220399     0.41628719     0.43663125     0.58874152     0.61595079     0.66912282     0.67278875
    1.03658     -0.12107351    -0.02086103     0.15628770     0.17520278     0.30963771     0.35096520     0.36992613     0.51582488     0.55677910     0.61642480     0.64954791     0.65360363
    1.14264     -0.12304856    -0.02630967     0.18424404     0.18424404     0.28819207     0.35157027     0.35157027     0.51368647     0.61824335     0.61824335     0.64492241     0.64602772
    1.16915     -0.12437343    -0.02445154     0.18439977     0.18439977     0.28831907     0.35175046     0.35175046     0.51396472     0.60819057     0.60819057     0.63982367     0.65668438
    1.19567     -0.12805417    -0.01910619     0.18488675     0.18488675     0.28881775     0.35229700     0.35229700     0.51479675     0.59197229     0.59197229     0.62791038     0.67489447
    1.22218     -0.13343713    -0.01093160     0.18570426     0.18570426     0.28968558     0.35316801     0.35316801     0.51609462     0.57543626     0.57543626     0.61336261     0.69476994
    1.24870     -0.13984722    -0.00061025     0.18685094     0.18685094     0.29091809     0.35429051     0.35429051     0.51766240     0.55954801     0.55954801     0.59813433     0.71524518
    1.27521     -0.14676189     0.01132468     0.18832433     0.18832433     0.29250835     0.35555563     0.35555563     0.51907404     0.54465480     0.54465480     0.58330686     0.73572491
    1.30173     -0.15382263     0.02450025     0.19012032     0.19012032     0.29444620     0.35681313     0.35681313     0.51937083     0.53099988     0.53099988     0.57008421     0.73744116
    1.32824     -0.16079281     0.03866082     0.19223231     0.19223231     0.29671715     0.35786771     0.35786771     0.51662758     0.51882186     0.51882186     0.56045466     0.72207831
    1.35476     -0.16751619     0.05362558     0.19465017     0.19465017     0.29930092     0.35848265     0.35848265     0.50837786     0.50837786     0.50889613     0.55631676     0.70292822
    1.38127     -0.17388776     0.06925778     0.19735883     0.19735883     0.30216939     0.35839959     0.35839959     0.49684329     0.49993321     0.49993321     0.55684590     0.68282441
    1.40779     -0.17983529     0.08544392     0.20033637     0.20033637     0.30528386     0.35738264     0.35738264     0.48246967     0.49372090     0.49372090     0.55972737     0.66332202
    1.43430     -0.18530790     0.10207870     0.20355163     0.20355163     0.30859119     0.35528313     0.35528313     0.46700651     0.48987768     0.48987768     0.56312591     0.64563873
    1.46081     -0.19026890     0.11905219     0.20696085     0.20696085     0.31201839     0.35209900     0.35209900     0.45101824     0.48838334     0.48838334     0.56532139     0.63128742
    1.48733     -0.19469137     0.13623588     0.21050335     0.21050335     0.31546458     0.34799326     0.34799326     0.43480039     0.48903866     0.48903866     0.56424232     0.62229925
    1.51384     -0.19855524     0.15346350     0.21409598     0.21409598     0.31878867     0.34326098     0.34326098     0.41858827     0.49149114     0.49149114     0.55873828     0.61981890
    1.54036     -0.20184548     0.17049966     0.21762673     0.21762673     0.32178904     0.33827151     0.33827151     0.40268164     0.49528029     0.49528029     0.55028888     0.62232785
    1.56687     -0.20455078     0.18698321     0.22094861     0.22094861     0.32416956     0.33341942     0.33341942     0.38756812     0.49986609     0.49986609     0.54126102     0.62733825
    1.59339     -0.20666275     0.20232088     0.22387759     0.22387759     0.32549966     0.32909599     0.32909599     0.37408800     0.50462926     0.50462926     0.53321926     0.63303857
    1.61990     -0.20817534     0.21549964     0.22620119     0.22620119     0.32530840     0.32567045     0.32567045     0.36354388     0.50886556     0.50886556     0.52701655     0.63817557
    1.64642     -0.20908447     0.22486714     0.22770646     0.22770646     0.32346289     0.32346289     0.32382549     0.35719976     0.51183075     0.51183075     0.52312729     0.64175574
    1.67293     -0.20938777     0.22822910     0.22822910     0.22835044     0.32269944     0.32269944     0.32287068     0.35519811     0.51290285     0.51290285     0.52180391     0.64277175
