 Total Energy  -31.83402695884496 -1.421085471520200E-14
 Harris Energy -31.83402695884494
 Free Energy   -31.83402695884496
 Ion-Ion                     4.875640667060034
 Local Potential             -26.45929948930997
 Ion Local Potential         -80.98307066431944
 Ion Nonlocal Potential     Not computed
 Kinetic Energy             Not computed
 Hartree Energy              31.69334403756999
 Exchange-Correlation Energy -6.836242578860361
 Exchange Energy             -6.381050260607330
 Correlation Energy          -0.4551923182530303
 Sum of eigenvalues          -7.042997909605160
 Fermi energy                -0.2240412112706844
 Entropy                     0.000000000000000E+00
 Constant of local part      0.000000000000000E+00
 Total Energy (wo constant)  -31.83402695884495
 Dispersion energy           0.000000000000000E+00
 Eigenvalues
   k     n          esp(n,k,s)    esp_err   occ(n,k,s)  
   1     1  -1.201550149731733  0.64171E-12   1.0000       -1.137742848915766  0.67790E-12   1.0000    
   1     2  -0.753445402487630  0.46574E-12   1.0000       -0.670871024754595  0.47407E-12   1.0000    
   1     3  -0.501229600799409  0.47451E-12   1.0000       -0.449014486092422  0.45774E-12   1.0000    
   1     4  -0.495419643278545  0.49560E-12   1.0000       -0.414344872857263  0.51309E-12   1.0000    
   1     5  -0.495419643278535  0.49472E-12   1.0000       -0.414344872857253  0.51420E-12   1.0000    
   1     6  -0.254807682276009  0.48628E-12   1.0000       -0.160186583324840  0.49880E-12   0.0000    
   1     7  -0.254807682275999  0.48433E-12   1.0000       -0.160186583324827  0.50132E-12   0.0000    
   1     8  -0.008394788704566 -0.21767E-12   0.0000       -0.006596550813815  0.35144E-12   0.0000    
   1     9   0.034558919095030 -0.11131E-12   0.0000        0.040849462867543  0.45946E-11   0.0000    
   1    10   0.043924223218280 -0.12048E-12   0.0000        0.046196256475535  0.39365E-11   0.0000    
   1    11   0.043924223218481 -0.32148E-12   0.0000        0.046196256481318  0.28903E-11   0.0000    
   1    12   0.046117503539481  0.18383E-12   0.0000        0.047126076212353 -0.42683E-11   0.0000    
   1    13   0.053291068999557 -0.35459E-12   0.0000        0.054131905534727  0.12791E-11   0.0000    
   1    14   0.053636017298723 -0.44741E-12   0.0000        0.054559848738493 -0.68501E-11   0.0000    
   1    15   0.083539211102301 -0.20227E-12   0.0000        0.091471620904010  0.46298E-11   0.0000    
   1    16   0.097769761090906 -0.32657E-07   0.0000        0.099306671681183 -0.13379E-08   0.0000    
   1    17   0.097809121621859 -0.16312E-05   0.0000        0.099307004901084 -0.21414E-07   0.0000    
   1    18   0.099889278682135 -0.49480E-06   0.0000        0.100795101549665 -0.14724E-06   0.0000    
