 Total Energy   -31.8340269639284       2.131628207280301E-014
 Harris Energy  -31.8340269639285     
 Free Energy    -31.8340269639284     
 Ion-Ion                       4.87560257318143     
 Local Potential              -26.4592855975943     
 Ion Local Potential          -80.9829932588106     
 Ion Nonlocal Potential     Not computed
 Kinetic Energy             Not computed
 Hartree Energy                31.6933105402284     
 Exchange-Correlation Energy  -6.83623997242345     
 Exchange Energy              -6.38104785650151     
 Correlation Energy          -0.455192115921944     
 Sum of eigenvalues           -7.04299244369846     
 Fermi energy                -0.225138792408472     
 Entropy                      0.000000000000000E+000
 Constant of local part       0.000000000000000E+000
 Total Energy (wo constant)   -31.8340269639285     
 Dispersion energy            0.000000000000000E+000
 Eigenvalues
   k     n          esp(n,k,s)    esp_err   occ(n,k,s)  
   1     1  -1.201547900606605  0.23981E-13   1.0000       -1.137740504214261  0.22427E-13   1.0000    
   1     2  -0.753446299031157  0.50182E-13   1.0000       -0.670871903125134  0.15099E-13   1.0000    
   1     3  -0.501229301193783  0.53513E-13   1.0000       -0.449014265609712  0.15488E-13   1.0000    
   1     4  -0.495418674891990  0.31808E-13   1.0000       -0.414343894823798  0.19595E-13   1.0000    
   1     5  -0.495418674891943  0.26978E-13   1.0000       -0.414343894823769  0.17153E-13   1.0000    
   1     6  -0.254808565243182  0.39690E-13   1.0000       -0.160187454442915  0.18902E-13   0.0000    
   1     7  -0.254808565243129  0.33418E-13   1.0000       -0.160187454442891  0.15821E-13   0.0000    
   1     8  -0.008394788848228  0.58000E-13   0.0000       -0.006596581636091 -0.73857E-13   0.0000    
   1     9   0.034558529835320  0.78354E-13   0.0000        0.040849268472507 -0.96997E-12   0.0000    
   1    10   0.043924250782411  0.16089E-12   0.0000        0.046196254244620 -0.69267E-12   0.0000    
   1    11   0.043924250784281 -0.16098E-13   0.0000        0.046196254251483 -0.60792E-12   0.0000    
   1    12   0.046117502238277 -0.13801E-13   0.0000        0.047126060017825  0.84184E-12   0.0000    
   1    13   0.053291065957382  0.60577E-13   0.0000        0.054131881794830 -0.20237E-12   0.0000    
   1    14   0.053636029407875  0.58904E-13   0.0000        0.054559833960528  0.12608E-11   0.0000    
   1    15   0.083538502643948 -0.46751E-12   0.0000        0.091471320117682 -0.41075E-10   0.0000    
   1    16   0.098507134448188 -0.14513E-04   0.0000        0.099330910324239 -0.13457E-05   0.0000    
