 version2.1                                                       F
 Fermi_energy(hartree):   0.234669645097743
 Reciprocal_Lattice_Vectors:
   -0.612336546845296   0.612336546845296   0.612336546845296
    0.612336546845296  -0.612336546845296   0.612336546845296
    0.612336546845296   0.612336546845296  -0.612336546845296
      1    12      0.000000000000      0.000000000000      0.000000000000       4
     1      -0.209387772986          0.0000    
     2       0.228229103797          0.0000    
     3       0.228229103908          0.0000    
     4       0.228350442956          0.0000    
     5       0.322699435260          0.0000    
     6       0.322699435296          0.0000    
     7       0.322870682359          0.0000    
     8       0.355198108157          0.0000    
     9       0.512902853694          0.0000    
    10       0.512902853699          0.0000    
    11       0.521803914450          0.0000    
    12       0.642771749409          0.0000    
      7    12      0.000000000000      0.150000000000      0.150000000000       4
     1      -0.194892899361          0.0000    
     2       0.165534967713          0.0000    
     3       0.190103222297          0.0000    
     4       0.190160364119          0.0000    
     5       0.296309114581          0.0000    
     6       0.378375069545          0.0000    
     7       0.378534524891          0.0000    
     8       0.391805416987          0.0000    
     9       0.467389330960          0.0000    
    10       0.528947385152          0.0000    
    11       0.576262160401          0.0000    
    12       0.667664998233          0.0000    
     13    12      0.000000000000      0.300000000000      0.300000000000       4
     1      -0.152184853640          0.0000    
     2       0.684288533667E-01      0.0000    
     3       0.146403179633          0.0000    
     4       0.146440921856          0.0000    
     5       0.261339616997          0.0000    
     6       0.318388518540          0.0000    
     7       0.472763702978          0.0000    
     8       0.473006323905          0.0000    
     9       0.561787836049          0.0000    
    10       0.576961108848          0.0000    
    11       0.686431990953          0.0000    
    12       0.724555239400          0.0000    
     19    12      0.000000000000      0.450000000000      0.450000000000       4
     1      -0.839738032563E-01      0.0000    
     2      -0.271200300485E-01      0.0000    
     3       0.124990939364          0.0000    
     4       0.125025635403          0.0000    
     5       0.251581882259          0.0000    
     6       0.264742881868          0.0000    
     7       0.575351050905          0.0000    
     8       0.575658651459          0.0000    
     9       0.656501268853          0.0000    
    10       0.657444139876          0.0000    
    11       0.658123131366          0.0000    
    12       0.673282393126          0.0000    
     25    12      0.400000000000      0.500000000000      0.500000000000       4
     1      -0.121073515521          0.0000    
     2      -0.208610305645E-01      0.0000    
     3       0.156287702846          0.0000    
     4       0.175202781585          0.0000    
     5       0.309637707748          0.0000    
     6       0.350965198596          0.0000    
     7       0.369926132928          0.0000    
     8       0.515824884490          0.0000    
     9       0.556779100442          0.0000    
    10       0.616424801097          0.0000    
    11       0.649547914328          0.0000    
    12       0.653603630066          0.0000    
     31    12      0.375000000000      0.375000000000      0.375000000000       4
     1      -0.146761886346          0.0000    
     2       0.113246842388E-01      0.0000    
     3       0.188324328223          0.0000    
     4       0.188324328339          0.0000    
     5       0.292508353242          0.0000    
     6       0.355555630260          0.0000    
     7       0.355555630328          0.0000    
     8       0.519074043094          0.0000    
     9       0.544654800545          0.0000    
    10       0.544654800595          0.0000    
    11       0.583306864390          0.0000    
    12       0.735724914468          0.0000    
     37    12      0.225000000000      0.225000000000      0.225000000000       4
     1      -0.185307903255          0.0000    
     2       0.102078703404          0.0000    
     3       0.203551632093          0.0000    
     4       0.203551632204          0.0000    
     5       0.308591190937          0.0000    
     6       0.355283130029          0.0000    
     7       0.355283130052          0.0000    
     8       0.467006511075          0.0000    
     9       0.489877676940          0.0000    
    10       0.489877676964          0.0000    
    11       0.563125911359          0.0000    
    12       0.645638728091          0.0000    
     43    12      0.075000000000      0.075000000000      0.075000000000       4
     1      -0.206662750507          0.0000    
     2       0.202320878975          0.0000    
     3       0.223877588959          0.0000    
     4       0.223877589069          0.0000    
     5       0.325499654626          0.0000    
     6       0.329095988496          0.0000    
     7       0.329095988529          0.0000    
     8       0.374087997942          0.0000    
     9       0.504629262939          0.0000    
    10       0.504629262952          0.0000    
    11       0.533219258838          0.0000    
    12       0.633038568001          0.0000    
      2    12      0.000000000000      0.025000000000      0.025000000000       4
     1      -0.208983494929          0.0000    
     2       0.225651314377          0.0000    
     3       0.226510417854          0.0000    
     4       0.226593200138          0.0000    
     5       0.321780546606          0.0000    
     6       0.324912254980          0.0000    
     7       0.325030357908          0.0000    
     8       0.357736229030          0.0000    
     9       0.509638624958          0.0000    
    10       0.513348790432          0.0000    
    11       0.523566729754          0.0000    
    12       0.643471712310          0.0000    
      8    12      0.000000000000      0.175000000000      0.175000000000       4
     1      -0.189689159627          0.0000    
     2       0.149881886112          0.0000    
     3       0.181707758905          0.0000    
     4       0.181760604321          0.0000    
     5       0.289609986674          0.0000    
     6       0.384427449666          0.0000    
     7       0.393002182554          0.0000    
     8       0.393173851914          0.0000    
     9       0.475263742325          0.0000    
    10       0.534736512692          0.0000    
    11       0.592842205109          0.0000    
    12       0.676400663021          0.0000    
     14    12      0.000000000000      0.325000000000      0.325000000000       4
     1      -0.142477107630          0.0000    
     2       0.520486678817E-01      0.0000    
     3       0.141114167277          0.0000    
     4       0.141150230792          0.0000    
     5       0.257553725786          0.0000    
     6       0.306607406698          0.0000    
     7       0.489558999616          0.0000    
     8       0.489817553747          0.0000    
     9       0.581129848583          0.0000    
    10       0.588048008220          0.0000    
    11       0.703910372227          0.0000    
    12       0.725857044192          0.0000    
     20    12      0.000000000000      0.475000000000      0.475000000000       4
     1      -0.704745021029E-01      0.0000    
     2      -0.420218966564E-01      0.0000    
     3       0.123907288752          0.0000    
     4       0.123943169944          0.0000    
     5       0.253278943372          0.0000    
     6       0.259831663570          0.0000    
     7       0.590904475325          0.0000    
     8       0.591171751630          0.0000    
     9       0.641588274869          0.0000    
    10       0.642353139900          0.0000    
    11       0.672802652726          0.0000    
    12       0.689658411227          0.0000    
     26    12      0.500000000000      0.500000000000      0.500000000000       4
     1      -0.123048557534          0.0000    
     2      -0.263096667248E-01      0.0000    
     3       0.184244037960          0.0000    
     4       0.184244038078          0.0000    
     5       0.288192066506          0.0000    
     6       0.351570267366          0.0000    
     7       0.351570267444          0.0000    
     8       0.513686468185          0.0000    
     9       0.618243349604          0.0000    
    10       0.618243349685          0.0000    
    11       0.644922412560          0.0000    
    12       0.646027721148          0.0000    
     32    12      0.350000000000      0.350000000000      0.350000000000       4
     1      -0.153822629097          0.0000    
     2       0.245002456788E-01      0.0000    
     3       0.190120316943          0.0000    
     4       0.190120317058          0.0000    
     5       0.294446202723          0.0000    
     6       0.356813129237          0.0000    
     7       0.356813129300          0.0000    
     8       0.519370833848          0.0000    
     9       0.530999880234          0.0000    
    10       0.530999880281          0.0000    
    11       0.570084207591          0.0000    
    12       0.737441160517          0.0000    
     38    12      0.200000000000      0.200000000000      0.200000000000       4
     1      -0.190268903528          0.0000    
     2       0.119052190837          0.0000    
     3       0.206960852080          0.0000    
     4       0.206960852191          0.0000    
     5       0.312018388450          0.0000    
     6       0.352099003995          0.0000    
     7       0.352099004012          0.0000    
     8       0.451018237490          0.0000    
     9       0.488383343544          0.0000    
    10       0.488383343565          0.0000    
    11       0.565321387378          0.0000    
    12       0.631287419730          0.0000    
     44    12      0.050000000000      0.050000000000      0.050000000000       4
     1      -0.208175343642          0.0000    
     2       0.215499639092          0.0000    
     3       0.226201185410          0.0000    
     4       0.226201185520          0.0000    
     5       0.325308398328          0.0000    
     6       0.325670446519          0.0000    
     7       0.325670446553          0.0000    
     8       0.363543882392          0.0000    
     9       0.508865561281          0.0000    
    10       0.508865561290          0.0000    
    11       0.527016551989          0.0000    
    12       0.638175567155          0.0000    
      3    12      0.000000000000      0.050000000000      0.050000000000       4
     1      -0.207771216247          0.0000    
     2       0.218392565161          0.0000    
     3       0.221792834296          0.0000    
     4       0.221869671644          0.0000    
     5       0.318973370448          0.0000    
     6       0.331109767575          0.0000    
     7       0.331231625943          0.0000    
     8       0.364646882640          0.0000    
     9       0.500890670895          0.0000    
    10       0.514686514144          0.0000    
    11       0.528738689709          0.0000    
    12       0.645569705283          0.0000    
      9    12      0.000000000000      0.200000000000      0.200000000000       4
     1      -0.183705526720          0.0000    
     2       0.133877659502          0.0000    
     3       0.173636163666          0.0000    
     4       0.173685117256          0.0000    
     5       0.283053555292          0.0000    
     6       0.372438410555          0.0000    
     7       0.408206968974          0.0000    
     8       0.408391344730          0.0000    
     9       0.488919064047          0.0000    
    10       0.541413079446          0.0000    
    11       0.610604108161          0.0000    
    12       0.686194219983          0.0000    
     15    12      0.000000000000      0.350000000000      0.350000000000       4
     1      -0.132073223166          0.0000    
     2       0.357759316642E-01      0.0000    
     3       0.136493067533          0.0000    
     4       0.136527912221          0.0000    
     5       0.254567313945          0.0000    
     6       0.295917897280          0.0000    
     7       0.506554928297          0.0000    
     8       0.506829523335          0.0000    
     9       0.600009518233          0.0000    
    10       0.600368404430          0.0000    
    11       0.718872176761          0.0000    
    12       0.719656826292          0.0000    
     21    12      0.000000000000      0.500000000000      0.500000000000       4
     1      -0.565035934708E-01      0.0000    
     2      -0.564453131339E-01      0.0000    
     3       0.123549987448          0.0000    
     4       0.123587562899          0.0000    
     5       0.256022214828          0.0000    
     6       0.256034985431          0.0000    
     7       0.599227755116          0.0000    
     8       0.599437496102          0.0000    
     9       0.633202402173          0.0000    
    10       0.634050966027          0.0000    
    11       0.689922063696          0.0000    
    12       0.690812982883          0.0000    
     27    12      0.475000000000      0.475000000000      0.475000000000       4
     1      -0.124373433668          0.0000    
     2      -0.244515361044E-01      0.0000    
     3       0.184399770464          0.0000    
     4       0.184399770582          0.0000    
     5       0.288319072608          0.0000    
     6       0.351750464109          0.0000    
     7       0.351750464187          0.0000    
     8       0.513964721824          0.0000    
     9       0.608190568636          0.0000    
    10       0.608190568678          0.0000    
    11       0.639823673545          0.0000    
    12       0.656684383392          0.0000    
     33    12      0.325000000000      0.325000000000      0.325000000000       4
     1      -0.160792814253          0.0000    
     2       0.386608227396E-01      0.0000    
     3       0.192232310054          0.0000    
     4       0.192232310169          0.0000    
     5       0.296717154347          0.0000    
     6       0.357867708698          0.0000    
     7       0.357867708756          0.0000    
     8       0.516627579934          0.0000    
     9       0.518821862892          0.0000    
    10       0.518821862936          0.0000    
    11       0.560454658621          0.0000    
    12       0.722078314930          0.0000    
     39    12      0.175000000000      0.175000000000      0.175000000000       4
     1      -0.194691366476          0.0000    
     2       0.136235878854          0.0000    
     3       0.210503345850          0.0000    
     4       0.210503345960          0.0000    
     5       0.315464577416          0.0000    
     6       0.347993256144          0.0000    
     7       0.347993256162          0.0000    
     8       0.434800387298          0.0000    
     9       0.489038658348          0.0000    
    10       0.489038658367          0.0000    
    11       0.564242324644          0.0000    
    12       0.622299252484          0.0000    
     45    12      0.025000000000      0.025000000000      0.025000000000       4
     1      -0.209084472259          0.0000    
     2       0.224867141651          0.0000    
     3       0.227706456111          0.0000    
     4       0.227706456222          0.0000    
     5       0.323462892755          0.0000    
     6       0.323462892790          0.0000    
     7       0.323825494177          0.0000    
     8       0.357199760564          0.0000    
     9       0.511830753787          0.0000    
    10       0.511830753794          0.0000    
    11       0.523127288516          0.0000    
    12       0.641755734839          0.0000    
      4    12      0.000000000000      0.075000000000      0.075000000000       4
     1      -0.205752610571          0.0000    
     2       0.207742185403          0.0000    
     3       0.215022914532          0.0000    
     4       0.215094735192          0.0000    
     5       0.314629556455          0.0000    
     6       0.340338181282          0.0000    
     7       0.340467311352          0.0000    
     8       0.374232285468          0.0000    
     9       0.489048950150          0.0000    
    10       0.516915764388          0.0000    
    11       0.537010317969          0.0000    
    12       0.649059196846          0.0000    
     10    12      0.000000000000      0.225000000000      0.225000000000       4
     1      -0.176951385901          0.0000    
     2       0.117649787835          0.0000    
     3       0.166001766883          0.0000    
     4       0.166047254555          0.0000    
     5       0.276821183605          0.0000    
     6       0.358711652658          0.0000    
     7       0.423861988758          0.0000    
     8       0.424059903017          0.0000    
     9       0.505534306788          0.0000    
    10       0.548975643531          0.0000    
    11       0.629233494447          0.0000    
    12       0.696757143136          0.0000    
     16    12      0.000000000000      0.375000000000      0.375000000000       4
     1      -0.120994894150          0.0000    
     2       0.196667671233E-01      0.0000    
     3       0.132557975093          0.0000    
     4       0.132592066540          0.0000    
     5       0.252432762542          0.0000    
     6       0.286374037829          0.0000    
     7       0.523724402418          0.0000    
     8       0.524014511192          0.0000    
     9       0.612842285696          0.0000    
    10       0.619345875087          0.0000    
    11       0.707414977994          0.0000    
    12       0.708118277075          0.0000    
     22    12      0.100000000000      0.500000000000      0.500000000000       4
     1      -0.823447958674E-01      0.0000    
     2      -0.270603761005E-01      0.0000    
     3       0.107955228937          0.0000    
     4       0.127555458100          0.0000    
     5       0.259883192258          0.0000    
     6       0.287547925189          0.0000    
     7       0.549994451386          0.0000    
     8       0.553873226135          0.0000    
     9       0.626977501313          0.0000    
    10       0.629676563988          0.0000    
    11       0.681482821874          0.0000    
    12       0.697956364492          0.0000    
     28    12      0.450000000000      0.450000000000      0.450000000000       4
     1      -0.128054166562          0.0000    
     2      -0.191061851371E-01      0.0000    
     3       0.184886745489          0.0000    
     4       0.184886745607          0.0000    
     5       0.288817752264          0.0000    
     6       0.352296998487          0.0000    
     7       0.352296998563          0.0000    
     8       0.514796753935          0.0000    
     9       0.591972288353          0.0000    
    10       0.591972288400          0.0000    
    11       0.627910381273          0.0000    
    12       0.674894470384          0.0000    
     34    12      0.300000000000      0.300000000000      0.300000000000       4
     1      -0.167516187259          0.0000    
     2       0.536255818889E-01      0.0000    
     3       0.194650173594          0.0000    
     4       0.194650173708          0.0000    
     5       0.299300920097          0.0000    
     6       0.358482648590          0.0000    
     7       0.358482648639          0.0000    
     8       0.508377862509          0.0000    
     9       0.508377862548          0.0000    
    10       0.508896127291          0.0000    
    11       0.556316756814          0.0000    
    12       0.702928217671          0.0000    
     40    12      0.150000000000      0.150000000000      0.150000000000       4
     1      -0.198555241834          0.0000    
     2       0.153463498914          0.0000    
     3       0.214095980570          0.0000    
     4       0.214095980680          0.0000    
     5       0.318788670050          0.0000    
     6       0.343260978171          0.0000    
     7       0.343260978193          0.0000    
     8       0.418588271492          0.0000    
     9       0.491491143853          0.0000    
    10       0.491491143872          0.0000    
    11       0.558738275878          0.0000    
    12       0.619818902231          0.0000    
     46    12      0.000000000000      0.000000000000      0.000000000000       4
     1      -0.209387772986          0.0000    
     2       0.228229103797          0.0000    
     3       0.228229103908          0.0000    
     4       0.228350442956          0.0000    
     5       0.322699435260          0.0000    
     6       0.322699435296          0.0000    
     7       0.322870682359          0.0000    
     8       0.355198108157          0.0000    
     9       0.512902853694          0.0000    
    10       0.512902853699          0.0000    
    11       0.521803914450          0.0000    
    12       0.642771749409          0.0000    
      5    12      0.000000000000      0.100000000000      0.100000000000       4
     1      -0.202930491321          0.0000    
     2       0.194882478969          0.0000    
     3       0.207097000737          0.0000    
     4       0.207163745390          0.0000    
     5       0.309144057783          0.0000    
     6       0.351689717123          0.0000    
     7       0.351827855864          0.0000    
     8       0.384229914606          0.0000    
     9       0.476985527576          0.0000    
    10       0.520036103856          0.0000    
    11       0.547969420623          0.0000    
    12       0.653926289571          0.0000    
     11    12      0.000000000000      0.250000000000      0.250000000000       4
     1      -0.169437734827          0.0000    
     2       0.101287656700          0.0000    
     3       0.158883139700          0.0000    
     4       0.158925599042          0.0000    
     5       0.271054253748          0.0000    
     6       0.344716431769          0.0000    
     7       0.439878210257          0.0000    
     8       0.440090387348          0.0000    
     9       0.523650227547          0.0000    
    10       0.557422519483          0.0000    
    11       0.648387948963          0.0000    
    12       0.707541789291          0.0000    
     17    12      0.000000000000      0.400000000000      0.400000000000       4
     1      -0.109266622861          0.0000    
     2       0.377746255637E-02      0.0000    
     3       0.129322743899          0.0000    
     4       0.129356554266          0.0000    
     5       0.251196305298          0.0000    
     6       0.277998021967          0.0000    
     7       0.541020220163          0.0000    
     8       0.541323955170          0.0000    
     9       0.626542466023          0.0000    
    10       0.637922733388          0.0000    
    11       0.691790114796          0.0000    
    12       0.692484482498          0.0000    
     23    12      0.200000000000      0.500000000000      0.500000000000       4
     1      -0.101787856605          0.0000    
     2      -0.543540301567E-02      0.0000    
     3       0.932658818535E-01      0.0000    
     4       0.139142622308          0.0000    
     5       0.274999097547          0.0000    
     6       0.353635157071          0.0000    
     7       0.477806849477          0.0000    
     8       0.479055501272          0.0000    
     9       0.614239104689          0.0000    
    10       0.620898014432          0.0000    
    11       0.680694311542          0.0000    
    12       0.699216444589          0.0000    
     29    12      0.425000000000      0.425000000000      0.425000000000       4
     1      -0.133437133214          0.0000    
     2      -0.109316022146E-01      0.0000    
     3       0.185704258453          0.0000    
     4       0.185704258571          0.0000    
     5       0.289685580585          0.0000    
     6       0.353168011323          0.0000    
     7       0.353168011397          0.0000    
     8       0.516094622147          0.0000    
     9       0.575436261756          0.0000    
    10       0.575436261808          0.0000    
    11       0.613362610893          0.0000    
    12       0.694769938431          0.0000    
     35    12      0.275000000000      0.275000000000      0.275000000000       4
     1      -0.173887755570          0.0000    
     2       0.692577801059E-01      0.0000    
     3       0.197358824501          0.0000    
     4       0.197358824614          0.0000    
     5       0.302169388039          0.0000    
     6       0.358399586301          0.0000    
     7       0.358399586342          0.0000    
     8       0.496843294804          0.0000    
     9       0.499933205910          0.0000    
    10       0.499933205944          0.0000    
    11       0.556845898427          0.0000    
    12       0.682824409606          0.0000    
     41    12      0.125000000000      0.125000000000      0.125000000000       4
     1      -0.201845479395          0.0000    
     2       0.170499660605          0.0000    
     3       0.217626727947          0.0000    
     4       0.217626728057          0.0000    
     5       0.321789038097          0.0000    
     6       0.338271509667          0.0000    
     7       0.338271509693          0.0000    
     8       0.402681635901          0.0000    
     9       0.495280290882          0.0000    
    10       0.495280290900          0.0000    
    11       0.550288875924          0.0000    
    12       0.622327849958          0.0000    
      6    12      0.000000000000      0.125000000000      0.125000000000       4
     1      -0.199308848225          0.0000    
     2       0.180640628669          0.0000    
     3       0.198653337976          0.0000    
     4       0.198715139682          0.0000    
     5       0.302918362313          0.0000    
     6       0.364511389060          0.0000    
     7       0.364659724088          0.0000    
     8       0.391424041358          0.0000    
     9       0.468337450353          0.0000    
    10       0.524046913440          0.0000    
    11       0.561186245919          0.0000    
    12       0.660144425177          0.0000    
     12    12      0.000000000000      0.275000000000      0.275000000000       4
     1      -0.161177329697          0.0000    
     2       0.848606754508E-01      0.0000    
     3       0.152336504689          0.0000    
     4       0.152376380453          0.0000    
     5       0.265864050060          0.0000    
     6       0.331155927251          0.0000    
     7       0.456193251383          0.0000    
     8       0.456420359736          0.0000    
     9       0.542538599171          0.0000    
    10       0.566751755983          0.0000    
    11       0.667645977038          0.0000    
    12       0.717478559491          0.0000    
     18    12      0.000000000000      0.425000000000      0.425000000000       4
     1      -0.969159711528E-01      0.0000    
     2      -0.118362377112E-01      0.0000    
     3       0.126797843066          0.0000    
     4       0.126831852086          0.0000    
     5       0.250899782746          0.0000    
     6       0.270791534144          0.0000    
     7       0.558332827319          0.0000    
     8       0.558645138028          0.0000    
     9       0.641105537614          0.0000    
    10       0.655957683763          0.0000    
    11       0.674701266843          0.0000    
    12       0.675391529162          0.0000    
     24    12      0.300000000000      0.500000000000      0.500000000000       4
     1      -0.114429486001          0.0000    
     2      -0.838168000538E-02      0.0000    
     3       0.113903055905          0.0000    
     4       0.156606171605          0.0000    
     5       0.297431991964          0.0000    
     6       0.402203993266          0.0000    
     7       0.416287187141          0.0000    
     8       0.436631252516          0.0000    
     9       0.588741523754          0.0000    
    10       0.615950792240          0.0000    
    11       0.669122815485          0.0000    
    12       0.672788755089          0.0000    
     30    12      0.400000000000      0.400000000000      0.400000000000       4
     1      -0.139847218905          0.0000    
     2      -0.610249926210E-03      0.0000    
     3       0.186850935985          0.0000    
     4       0.186850936101          0.0000    
     5       0.290918090748          0.0000    
     6       0.354290510566          0.0000    
     7       0.354290510638          0.0000    
     8       0.517662402795          0.0000    
     9       0.559548014741          0.0000    
    10       0.559548014799          0.0000    
    11       0.598134332485          0.0000    
    12       0.715245179931          0.0000    
     36    12      0.250000000000      0.250000000000      0.250000000000       4
     1      -0.179835294474          0.0000    
     2       0.854439210545E-01      0.0000    
     3       0.200336369885          0.0000    
     4       0.200336369997          0.0000    
     5       0.305283855622          0.0000    
     6       0.357382636525          0.0000    
     7       0.357382636557          0.0000    
     8       0.482469668065          0.0000    
     9       0.493720898557          0.0000    
    10       0.493720898586          0.0000    
    11       0.559727370988          0.0000    
    12       0.663322016305          0.0000    
     42    12      0.100000000000      0.100000000000      0.100000000000       4
     1      -0.204550779236          0.0000    
     2       0.186983214241          0.0000    
     3       0.220948612287          0.0000    
     4       0.220948612396          0.0000    
     5       0.324169556345          0.0000    
     6       0.333419422859          0.0000    
     7       0.333419422889          0.0000    
     8       0.387568117039          0.0000    
     9       0.499866085511          0.0000    
    10       0.499866085527          0.0000    
    11       0.541261019119          0.0000    
    12       0.627338250799          0.0000    
