 Total Energy  -31.83402695884499 -1.421085471520200E-14
 Harris Energy -31.83402695884498
 Free Energy   -31.83402695884499
 Ion-Ion                     4.875640667059101
 Local Potential             -26.45929948931441
 Ion Local Potential         -80.98307066431938
 Ion Nonlocal Potential     Not computed
 Kinetic Energy             Not computed
 Hartree Energy              31.69334403757033
 Exchange-Correlation Energy -6.836242578860592
 Exchange Energy             -6.381050260607564
 Correlation Energy          -0.4551923182530275
 Sum of eigenvalues          -7.042997909608847
 Fermi energy                -0.2240231383360868
 Entropy                     0.000000000000000E+00
 Constant of local part      0.000000000000000E+00
 Total Energy (wo constant)  -31.83402695884498
 Dispersion energy           0.000000000000000E+00
 Eigenvalues
   k     n          esp(n,k,s)    esp_err   occ(n,k,s)  
   1     1  -1.201550149732147 -0.21982E-13   1.0000       -1.137742848915978 -0.23093E-13   1.0000    
   1     2  -0.753445402487977 -0.19096E-13   1.0000       -0.670871024754860 -0.21094E-13   1.0000    
   1     3  -0.501229600799680 -0.20206E-13   1.0000       -0.449014486092649 -0.21538E-13   1.0000    
   1     4  -0.495419643278881 -0.18041E-13   1.0000       -0.414344872857495 -0.17708E-13   1.0000    
   1     5  -0.495419643278880 -0.16820E-13   1.0000       -0.414344872857494 -0.16931E-13   1.0000    
   1     6  -0.254807682276404 -0.18097E-13   1.0000       -0.160186583325088 -0.19013E-13   0.0000    
   1     7  -0.254807682276403 -0.18374E-13   1.0000       -0.160186583325087 -0.19124E-13   0.0000    
   1     8  -0.008394788704596  0.26167E-12   0.0000       -0.006596550812182 -0.27294E-12   0.0000    
   1     9   0.034558919095150  0.11071E-12   0.0000        0.040849462871868 -0.30157E-11   0.0000    
   1    10   0.043924223218670  0.27294E-12   0.0000        0.046196256471236 -0.94823E-12   0.0000    
   1    11   0.043924223218824  0.79749E-13   0.0000        0.046196256478768 -0.16920E-11   0.0000    
   1    12   0.046117503539611 -0.69000E-13   0.0000        0.047126076212863  0.23217E-11   0.0000    
   1    13   0.053291068999618  0.38861E-12   0.0000        0.054131905529355  0.16356E-12   0.0000    
   1    14   0.053636017297514  0.71291E-12   0.0000        0.054559848755063  0.18772E-11   0.0000    
   1    15   0.083539211102444  0.18115E-12   0.0000        0.091471620907693 -0.30236E-11   0.0000    
   1    16   0.097768692388725 -0.61879E-08   0.0000        0.099306654791723 -0.40066E-09   0.0000    
   1    17   0.097774256616396 -0.12138E-06   0.0000        0.099307125220895 -0.27700E-07   0.0000    
   1    18   0.099982309938768 -0.33291E-07   0.0000        0.100819198795933 -0.99109E-06   0.0000    
