 version2.1                                                       F
 Fermi_energy(hartree):   0.238453251669021
 Reciprocal_Lattice_Vectors:
   -0.612336546845296   0.612336546845296   0.612336546845296
    0.612336546845296  -0.612336546845296   0.612336546845296
    0.612336546845296   0.612336546845296  -0.612336546845296
      1    12      0.000000000000      0.000000000000      0.000000000000       4
     1      -0.209387772680          0.0000    
     2       0.228229104548          0.0000    
     3       0.228229104823          0.0000    
     4       0.228350442537          0.0000    
     5       0.322699435293          0.0000    
     6       0.322699435419          0.0000    
     7       0.322870682949          0.0000    
     8       0.355198108587          0.0000    
     9       0.512902853910          0.0000    
    10       0.512902853923          0.0000    
    11       0.521803914422          0.0000    
    12       0.642771749301          0.0000    
      7    12      0.000000000000      0.150000000000      0.150000000000       4
     1      -0.194892899051          0.0000    
     2       0.165534968130          0.0000    
     3       0.190103222921          0.0000    
     4       0.190160364210          0.0000    
     5       0.296309114785          0.0000    
     6       0.378375069826          0.0000    
     7       0.378534525226          0.0000    
     8       0.391805417291          0.0000    
     9       0.467389331210          0.0000    
    10       0.528947385369          0.0000    
    11       0.576262160416          0.0000    
    12       0.667664998120          0.0000    
     13    12      0.000000000000      0.300000000000      0.300000000000       4
     1      -0.152184853315          0.0000    
     2       0.684288537697E-01      0.0000    
     3       0.146403180160          0.0000    
     4       0.146440921983          0.0000    
     5       0.261339617155          0.0000    
     6       0.318388518659          0.0000    
     7       0.472763703346          0.0000    
     8       0.473006324213          0.0000    
     9       0.561787836437          0.0000    
    10       0.576961109068          0.0000    
    11       0.686431990977          0.0000    
    12       0.724555248489          0.0000    
     19    12      0.000000000000      0.450000000000      0.450000000000       4
     1      -0.839738029067E-01      0.0000    
     2      -0.271200296773E-01      0.0000    
     3       0.124990939861          0.0000    
     4       0.125025635539          0.0000    
     5       0.251581882386          0.0000    
     6       0.264742881981          0.0000    
     7       0.575351051242          0.0000    
     8       0.575658651803          0.0000    
     9       0.656501269116          0.0000    
    10       0.657444140203          0.0000    
    11       0.658123131552          0.0000    
    12       0.673282392807          0.0000    
     25    12      0.400000000000      0.500000000000      0.500000000000       4
     1      -0.121073514789          0.0000    
     2      -0.208610311167E-01      0.0000    
     3       0.156287703418          0.0000    
     4       0.175202782127          0.0000    
     5       0.309637708297          0.0000    
     6       0.350965199026          0.0000    
     7       0.369926133389          0.0000    
     8       0.515824884640          0.0000    
     9       0.556779100485          0.0000    
    10       0.616424801108          0.0000    
    11       0.649547914247          0.0000    
    12       0.653603630104          0.0000    
     31    12      0.375000000000      0.375000000000      0.375000000000       4
     1      -0.146761885826          0.0000    
     2       0.113246838934E-01      0.0000    
     3       0.188324328737          0.0000    
     4       0.188324328961          0.0000    
     5       0.292508353837          0.0000    
     6       0.355555630662          0.0000    
     7       0.355555630861          0.0000    
     8       0.519074043282          0.0000    
     9       0.544654800456          0.0000    
    10       0.544654800559          0.0000    
    11       0.583306864291          0.0000    
    12       0.735724914616          0.0000    
     37    12      0.225000000000      0.225000000000      0.225000000000       4
     1      -0.185307902897          0.0000    
     2       0.102078703179          0.0000    
     3       0.203551632667          0.0000    
     4       0.203551632896          0.0000    
     5       0.308591191613          0.0000    
     6       0.355283130383          0.0000    
     7       0.355283130547          0.0000    
     8       0.467006511002          0.0000    
     9       0.489877676849          0.0000    
    10       0.489877676924          0.0000    
    11       0.563125911553          0.0000    
    12       0.645638728189          0.0000    
     43    12      0.075000000000      0.075000000000      0.075000000000       4
     1      -0.206662750197          0.0000    
     2       0.202320878657          0.0000    
     3       0.223877589667          0.0000    
     4       0.223877589928          0.0000    
     5       0.325499655367          0.0000    
     6       0.329095988600          0.0000    
     7       0.329095988722          0.0000    
     8       0.374087998069          0.0000    
     9       0.504629263094          0.0000    
    10       0.504629263110          0.0000    
    11       0.533219258863          0.0000    
    12       0.633038568313          0.0000    
      2    12      0.000000000000      0.025000000000      0.025000000000       4
     1      -0.208983494624          0.0000    
     2       0.225651314859          0.0000    
     3       0.226510418678          0.0000    
     4       0.226593200072          0.0000    
     5       0.321780546844          0.0000    
     6       0.324912255061          0.0000    
     7       0.325030358343          0.0000    
     8       0.357736229460          0.0000    
     9       0.509638625175          0.0000    
    10       0.513348790649          0.0000    
    11       0.523566729728          0.0000    
    12       0.643471712191          0.0000    
      8    12      0.000000000000      0.175000000000      0.175000000000       4
     1      -0.189689159315          0.0000    
     2       0.149881886528          0.0000    
     3       0.181707759504          0.0000    
     4       0.181760604422          0.0000    
     5       0.289609986868          0.0000    
     6       0.384427449898          0.0000    
     7       0.393002182860          0.0000    
     8       0.393173852242          0.0000    
     9       0.475263742635          0.0000    
    10       0.534736512910          0.0000    
    11       0.592842205132          0.0000    
    12       0.676400662911          0.0000    
     14    12      0.000000000000      0.325000000000      0.325000000000       4
     1      -0.142477107303          0.0000    
     2       0.520486682802E-01      0.0000    
     3       0.141114167796          0.0000    
     4       0.141150230922          0.0000    
     5       0.257553725937          0.0000    
     6       0.306607406811          0.0000    
     7       0.489558999987          0.0000    
     8       0.489817554055          0.0000    
     9       0.581129848960          0.0000    
    10       0.588048008440          0.0000    
    11       0.703910372304          0.0000    
    12       0.725857050852          0.0000    
     20    12      0.000000000000      0.475000000000      0.475000000000       4
     1      -0.704745017477E-01      0.0000    
     2      -0.420218962912E-01      0.0000    
     3       0.123907289247          0.0000    
     4       0.123943170081          0.0000    
     5       0.253278943496          0.0000    
     6       0.259831663685          0.0000    
     7       0.590904475630          0.0000    
     8       0.591171751997          0.0000    
     9       0.641588275263          0.0000    
    10       0.642353139945          0.0000    
    11       0.672802652944          0.0000    
    12       0.689658411547          0.0000    
     26    12      0.500000000000      0.500000000000      0.500000000000       4
     1      -0.123048556767          0.0000    
     2      -0.263096673076E-01      0.0000    
     3       0.184244038461          0.0000    
     4       0.184244038685          0.0000    
     5       0.288192067081          0.0000    
     6       0.351570267755          0.0000    
     7       0.351570267956          0.0000    
     8       0.513686468375          0.0000    
     9       0.618243349519          0.0000    
    10       0.618243349573          0.0000    
    11       0.644922412419          0.0000    
    12       0.646027721203          0.0000    
     32    12      0.350000000000      0.350000000000      0.350000000000       4
     1      -0.153822628619          0.0000    
     2       0.245002453720E-01      0.0000    
     3       0.190120317463          0.0000    
     4       0.190120317686          0.0000    
     5       0.294446203326          0.0000    
     6       0.356813129642          0.0000    
     7       0.356813129840          0.0000    
     8       0.519370834014          0.0000    
     9       0.530999880131          0.0000    
    10       0.530999880235          0.0000    
    11       0.570084207511          0.0000    
    12       0.737441160372          0.0000    
     38    12      0.200000000000      0.200000000000      0.200000000000       4
     1      -0.190268903183          0.0000    
     2       0.119052190612          0.0000    
     3       0.206960852671          0.0000    
     4       0.206960852903          0.0000    
     5       0.312018389146          0.0000    
     6       0.352099004314          0.0000    
     7       0.352099004467          0.0000    
     8       0.451018237416          0.0000    
     9       0.488383343487          0.0000    
    10       0.488383343548          0.0000    
    11       0.565321387581          0.0000    
    12       0.631287419841          0.0000    
     44    12      0.050000000000      0.050000000000      0.050000000000       4
     1      -0.208175343334          0.0000    
     2       0.215499638733          0.0000    
     3       0.226201186140          0.0000    
     4       0.226201186408          0.0000    
     5       0.325308399017          0.0000    
     6       0.325670446586          0.0000    
     7       0.325670446710          0.0000    
     8       0.363543882639          0.0000    
     9       0.508865561467          0.0000    
    10       0.508865561481          0.0000    
    11       0.527016551985          0.0000    
    12       0.638175567500          0.0000    
      3    12      0.000000000000      0.050000000000      0.050000000000       4
     1      -0.207771215941          0.0000    
     2       0.218392565593          0.0000    
     3       0.221792835079          0.0000    
     4       0.221869671648          0.0000    
     5       0.318973370688          0.0000    
     6       0.331109767696          0.0000    
     7       0.331231626351          0.0000    
     8       0.364646883068          0.0000    
     9       0.500890671094          0.0000    
    10       0.514686514361          0.0000    
    11       0.528738689688          0.0000    
    12       0.645569705163          0.0000    
      9    12      0.000000000000      0.200000000000      0.200000000000       4
     1      -0.183705526406          0.0000    
     2       0.133877659917          0.0000    
     3       0.173636164245          0.0000    
     4       0.173685117365          0.0000    
     5       0.283053555478          0.0000    
     6       0.372438410740          0.0000    
     7       0.408206969299          0.0000    
     8       0.408391345050          0.0000    
     9       0.488919064394          0.0000    
    10       0.541413079664          0.0000    
    11       0.610604108192          0.0000    
    12       0.686194220303          0.0000    
     15    12      0.000000000000      0.350000000000      0.350000000000       4
     1      -0.132073222834          0.0000    
     2       0.357759320578E-01      0.0000    
     3       0.136493068045          0.0000    
     4       0.136527912353          0.0000    
     5       0.254567314092          0.0000    
     6       0.295917897392          0.0000    
     7       0.506554928669          0.0000    
     8       0.506829523650          0.0000    
     9       0.600009518454          0.0000    
    10       0.600368408494          0.0000    
    11       0.718872165692          0.0000    
    12       0.719656857508          0.0000    
     21    12      0.000000000000      0.500000000000      0.500000000000       4
     1      -0.565035927998E-01      0.0000    
     2      -0.564453130847E-01      0.0000    
     3       0.123549987943          0.0000    
     4       0.123587563036          0.0000    
     5       0.256022215185          0.0000    
     6       0.256034985318          0.0000    
     7       0.599227755389          0.0000    
     8       0.599437496523          0.0000    
     9       0.633202402733          0.0000    
    10       0.634050973359          0.0000    
    11       0.689922063915          0.0000    
    12       0.690812983106          0.0000    
     27    12      0.475000000000      0.475000000000      0.475000000000       4
     1      -0.124373432922          0.0000    
     2      -0.244515366642E-01      0.0000    
     3       0.184399770966          0.0000    
     4       0.184399771190          0.0000    
     5       0.288319073189          0.0000    
     6       0.351750464504          0.0000    
     7       0.351750464700          0.0000    
     8       0.513964722148          0.0000    
     9       0.608190568643          0.0000    
    10       0.608190568849          0.0000    
    11       0.639823673768          0.0000    
    12       0.656684383512          0.0000    
     33    12      0.325000000000      0.325000000000      0.325000000000       4
     1      -0.160792813810          0.0000    
     2       0.386608224629E-01      0.0000    
     3       0.192232310582          0.0000    
     4       0.192232310806          0.0000    
     5       0.296717154963          0.0000    
     6       0.357867709106          0.0000    
     7       0.357867709300          0.0000    
     8       0.516627580045          0.0000    
     9       0.518821862777          0.0000    
    10       0.518821862880          0.0000    
    11       0.560454658604          0.0000    
    12       0.722078314947          0.0000    
     39    12      0.175000000000      0.175000000000      0.175000000000       4
     1      -0.194691366141          0.0000    
     2       0.136235878623          0.0000    
     3       0.210503346460          0.0000    
     4       0.210503346696          0.0000    
     5       0.315464578133          0.0000    
     6       0.347993256424          0.0000    
     7       0.347993256565          0.0000    
     8       0.434800387235          0.0000    
     9       0.489038658331          0.0000    
    10       0.489038658379          0.0000    
    11       0.564242324831          0.0000    
    12       0.622299252625          0.0000    
     45    12      0.025000000000      0.025000000000      0.025000000000       4
     1      -0.209084471953          0.0000    
     2       0.224867141252          0.0000    
     3       0.227706456857          0.0000    
     4       0.227706457129          0.0000    
     5       0.323462892797          0.0000    
     6       0.323462892922          0.0000    
     7       0.323825494797          0.0000    
     8       0.357199760939          0.0000    
     9       0.511830753995          0.0000    
    10       0.511830754009          0.0000    
    11       0.523127288494          0.0000    
    12       0.641755735207          0.0000    
      4    12      0.000000000000      0.075000000000      0.075000000000       4
     1      -0.205752610264          0.0000    
     2       0.207742185826          0.0000    
     3       0.215022915268          0.0000    
     4       0.215094735228          0.0000    
     5       0.314629556688          0.0000    
     6       0.340338181451          0.0000    
     7       0.340467311735          0.0000    
     8       0.374232285892          0.0000    
     9       0.489048950332          0.0000    
    10       0.516915764605          0.0000    
    11       0.537010317957          0.0000    
    12       0.649059196727          0.0000    
     10    12      0.000000000000      0.225000000000      0.225000000000       4
     1      -0.176951385585          0.0000    
     2       0.117649788248          0.0000    
     3       0.166001767445          0.0000    
     4       0.166047254670          0.0000    
     5       0.276821183783          0.0000    
     6       0.358711652814          0.0000    
     7       0.423861989099          0.0000    
     8       0.424059903332          0.0000    
     9       0.505534307156          0.0000    
    10       0.548975643749          0.0000    
    11       0.629233494484          0.0000    
    12       0.696757142610          0.0000    
     16    12      0.000000000000      0.375000000000      0.375000000000       4
     1      -0.120994893815          0.0000    
     2       0.196667675116E-01      0.0000    
     3       0.132557975599          0.0000    
     4       0.132592066673          0.0000    
     5       0.252432762683          0.0000    
     6       0.286374037937          0.0000    
     7       0.523724402788          0.0000    
     8       0.524014511492          0.0000    
     9       0.612842285917          0.0000    
    10       0.619345875465          0.0000    
    11       0.707414973967          0.0000    
    12       0.708118287037          0.0000    
     22    12      0.100000000000      0.500000000000      0.500000000000       4
     1      -0.823447953993E-01      0.0000    
     2      -0.270603759173E-01      0.0000    
     3       0.107955229116          0.0000    
     4       0.127555458598          0.0000    
     5       0.259883192591          0.0000    
     6       0.287547925131          0.0000    
     7       0.549994451880          0.0000    
     8       0.553873226649          0.0000    
     9       0.626977501449          0.0000    
    10       0.629676564152          0.0000    
    11       0.681482821831          0.0000    
    12       0.697956364552          0.0000    
     28    12      0.450000000000      0.450000000000      0.450000000000       4
     1      -0.128054165867          0.0000    
     2      -0.191061856495E-01      0.0000    
     3       0.184886745993          0.0000    
     4       0.184886746216          0.0000    
     5       0.288817752844          0.0000    
     6       0.352296998878          0.0000    
     7       0.352296999079          0.0000    
     8       0.514796754127          0.0000    
     9       0.591972288302          0.0000    
    10       0.591972288392          0.0000    
    11       0.627910381208          0.0000    
    12       0.674894470419          0.0000    
     34    12      0.300000000000      0.300000000000      0.300000000000       4
     1      -0.167516186845          0.0000    
     2       0.536255816342E-01      0.0000    
     3       0.194650174131          0.0000    
     4       0.194650174355          0.0000    
     5       0.299300920724          0.0000    
     6       0.358482648995          0.0000    
     7       0.358482649185          0.0000    
     8       0.508377862386          0.0000    
     9       0.508377862486          0.0000    
    10       0.508896127321          0.0000    
    11       0.556316756876          0.0000    
    12       0.702928217132          0.0000    
     40    12      0.150000000000      0.150000000000      0.150000000000       4
     1      -0.198555241508          0.0000    
     2       0.153463498672          0.0000    
     3       0.214095981202          0.0000    
     4       0.214095981443          0.0000    
     5       0.318788670787          0.0000    
     6       0.343260978408          0.0000    
     7       0.343260978540          0.0000    
     8       0.418588271449          0.0000    
     9       0.491491143881          0.0000    
    10       0.491491143918          0.0000    
    11       0.558738276026          0.0000    
    12       0.619818902409          0.0000    
     46    12      0.000000000000      0.000000000000      0.000000000000       4
     1      -0.209387772680          0.0000    
     2       0.228229104548          0.0000    
     3       0.228229104823          0.0000    
     4       0.228350442537          0.0000    
     5       0.322699435293          0.0000    
     6       0.322699435419          0.0000    
     7       0.322870682949          0.0000    
     8       0.355198108587          0.0000    
     9       0.512902853910          0.0000    
    10       0.512902853923          0.0000    
    11       0.521803914422          0.0000    
    12       0.642771749301          0.0000    
      5    12      0.000000000000      0.100000000000      0.100000000000       4
     1      -0.202930491013          0.0000    
     2       0.194882479389          0.0000    
     3       0.207097001429          0.0000    
     4       0.207163745449          0.0000    
     5       0.309144058006          0.0000    
     6       0.351689717337          0.0000    
     7       0.351827856228          0.0000    
     8       0.384229915017          0.0000    
     9       0.476985527751          0.0000    
    10       0.520036104073          0.0000    
    11       0.547969420619          0.0000    
    12       0.653926289453          0.0000    
     11    12      0.000000000000      0.250000000000      0.250000000000       4
     1      -0.169437734508          0.0000    
     2       0.101287657110          0.0000    
     3       0.158883140248          0.0000    
     4       0.158925599163          0.0000    
     5       0.271054253919          0.0000    
     6       0.344716431907          0.0000    
     7       0.439878210610          0.0000    
     8       0.440090387659          0.0000    
     9       0.523650227927          0.0000    
    10       0.557422519702          0.0000    
    11       0.648387949006          0.0000    
    12       0.707541788493          0.0000    
     17    12      0.000000000000      0.400000000000      0.400000000000       4
     1      -0.109266622521          0.0000    
     2       0.377746293909E-02      0.0000    
     3       0.129322744401          0.0000    
     4       0.129356554401          0.0000    
     5       0.251196305434          0.0000    
     6       0.277998022077          0.0000    
     7       0.541020220483          0.0000    
     8       0.541323955491          0.0000    
     9       0.626542466245          0.0000    
    10       0.637922728928          0.0000    
    11       0.691790114760          0.0000    
    12       0.692484457474          0.0000    
     23    12      0.200000000000      0.500000000000      0.500000000000       4
     1      -0.101787856044          0.0000    
     2      -0.543540318624E-02      0.0000    
     3       0.932658822605E-01      0.0000    
     4       0.139142622814          0.0000    
     5       0.274999097920          0.0000    
     6       0.353635157030          0.0000    
     7       0.477806849986          0.0000    
     8       0.479055501784          0.0000    
     9       0.614239104343          0.0000    
    10       0.620898014472          0.0000    
    11       0.680694311481          0.0000    
    12       0.699216451434          0.0000    
     29    12      0.425000000000      0.425000000000      0.425000000000       4
     1      -0.133437132582          0.0000    
     2      -0.109316026661E-01      0.0000    
     3       0.185704258959          0.0000    
     4       0.185704259183          0.0000    
     5       0.289685581168          0.0000    
     6       0.353168011717          0.0000    
     7       0.353168011917          0.0000    
     8       0.516094622340          0.0000    
     9       0.575436261696          0.0000    
    10       0.575436261789          0.0000    
    11       0.613362610802          0.0000    
    12       0.694769938500          0.0000    
     35    12      0.275000000000      0.275000000000      0.275000000000       4
     1      -0.173887755179          0.0000    
     2       0.692577798669E-01      0.0000    
     3       0.197358825048          0.0000    
     4       0.197358825273          0.0000    
     5       0.302169388679          0.0000    
     6       0.358399586697          0.0000    
     7       0.358399586881          0.0000    
     8       0.496843294774          0.0000    
     9       0.499933205788          0.0000    
    10       0.499933205882          0.0000    
    11       0.556845898529          0.0000    
    12       0.682824408944          0.0000    
     41    12      0.125000000000      0.125000000000      0.125000000000       4
     1      -0.201845479075          0.0000    
     2       0.170499660346          0.0000    
     3       0.217626728603          0.0000    
     4       0.217626728851          0.0000    
     5       0.321789038850          0.0000    
     6       0.338271509860          0.0000    
     7       0.338271509985          0.0000    
     8       0.402681635892          0.0000    
     9       0.495280290955          0.0000    
    10       0.495280290982          0.0000    
    11       0.550288876026          0.0000    
    12       0.622327850189          0.0000    
      6    12      0.000000000000      0.125000000000      0.125000000000       4
     1      -0.199308847916          0.0000    
     2       0.180640629088          0.0000    
     3       0.198653338631          0.0000    
     4       0.198715139759          0.0000    
     5       0.302918362528          0.0000    
     6       0.364511389310          0.0000    
     7       0.364659724436          0.0000    
     8       0.391424041733          0.0000    
     9       0.468337450548          0.0000    
    10       0.524046913658          0.0000    
    11       0.561186245925          0.0000    
    12       0.660144427676          0.0000    
     12    12      0.000000000000      0.275000000000      0.275000000000       4
     1      -0.161177329376          0.0000    
     2       0.848606758577E-01      0.0000    
     3       0.152336505226          0.0000    
     4       0.152376380577          0.0000    
     5       0.265864050224          0.0000    
     6       0.331155927380          0.0000    
     7       0.456193251745          0.0000    
     8       0.456420360048          0.0000    
     9       0.542538599560          0.0000    
    10       0.566751756202          0.0000    
    11       0.667645977243          0.0000    
    12       0.717478548568          0.0000    
     18    12      0.000000000000      0.425000000000      0.425000000000       4
     1      -0.969159708082E-01      0.0000    
     2      -0.118362373342E-01      0.0000    
     3       0.126797843565          0.0000    
     4       0.126831852221          0.0000    
     5       0.250899782877          0.0000    
     6       0.270791534354          0.0000    
     7       0.558332827809          0.0000    
     8       0.558645138978          0.0000    
     9       0.641105537838          0.0000    
    10       0.655957683781          0.0000    
    11       0.674701270174          0.0000    
    12       0.675391541094          0.0000    
     24    12      0.300000000000      0.500000000000      0.500000000000       4
     1      -0.114429485348          0.0000    
     2      -0.838168046241E-02      0.0000    
     3       0.113903056497          0.0000    
     4       0.156606172126          0.0000    
     5       0.297431992425          0.0000    
     6       0.402203994035          0.0000    
     7       0.416287187632          0.0000    
     8       0.436631252492          0.0000    
     9       0.588741523031          0.0000    
    10       0.615950792358          0.0000    
    11       0.669122815487          0.0000    
    12       0.672788755238          0.0000    
     30    12      0.400000000000      0.400000000000      0.400000000000       4
     1      -0.139847218333          0.0000    
     2      -0.610250316833E-03      0.0000    
     3       0.186850936494          0.0000    
     4       0.186850936717          0.0000    
     5       0.290918091374          0.0000    
     6       0.354290510964          0.0000    
     7       0.354290511164          0.0000    
     8       0.517662403029          0.0000    
     9       0.559548014765          0.0000    
    10       0.559548014815          0.0000    
    11       0.598134331800          0.0000    
    12       0.715245181170          0.0000    
     36    12      0.250000000000      0.250000000000      0.250000000000       4
     1      -0.179835294101          0.0000    
     2       0.854439208263E-01      0.0000    
     3       0.200336370444          0.0000    
     4       0.200336370671          0.0000    
     5       0.305283856292          0.0000    
     6       0.357382636905          0.0000    
     7       0.357382637080          0.0000    
     8       0.482469668006          0.0000    
     9       0.493720898461          0.0000    
    10       0.493720898533          0.0000    
    11       0.559727371152          0.0000    
    12       0.663322017720          0.0000    
     42    12      0.100000000000      0.100000000000      0.100000000000       4
     1      -0.204550778922          0.0000    
     2       0.186983213958          0.0000    
     3       0.220948612969          0.0000    
     4       0.220948613223          0.0000    
     5       0.324169557104          0.0000    
     6       0.333419423006          0.0000    
     7       0.333419423129          0.0000    
     8       0.387568117084          0.0000    
     9       0.499866085627          0.0000    
    10       0.499866085647          0.0000    
    11       0.541261019183          0.0000    
    12       0.627338251075          0.0000    
