 Total Energy   -31.8340269647287       2.486899575160351E-014
 Harris Energy  -31.8340269647287     
 Free Energy    -31.8340269647287     
 Ion-Ion                       4.87559655953257     
 Local Potential              -26.4592834045992     
 Ion Local Potential          -80.9829810392734     
 Ion Nonlocal Potential     Not computed
 Kinetic Energy             Not computed
 Hartree Energy                31.6933052522044     
 Exchange-Correlation Energy  -6.83623956096145     
 Exchange Energy              -6.38104747698027     
 Correlation Energy          -0.455192083981181     
 Sum of eigenvalues           -7.04299158083003     
 Fermi energy                -0.224027664267817     
 Entropy                      0.000000000000000E+000
 Constant of local part       0.000000000000000E+000
 Total Energy (wo constant)   -31.8340269647287     
 Dispersion energy            0.000000000000000E+000
 Eigenvalues
   k     n          esp(n,k,s)    esp_err   occ(n,k,s)  
   1     1  -1.201547545551146 -0.88818E-15   1.0000       -1.137740134070802 -0.44409E-15   1.0000    
   1     2  -0.753446440563048 -0.77716E-15   1.0000       -0.670872041788638 -0.77716E-15   1.0000    
   1     3  -0.501229253896389 -0.44409E-15   1.0000       -0.449014230803400 -0.11102E-15   1.0000    
   1     4  -0.495418522018860 -0.94369E-15   1.0000       -0.414343740427981 -0.66613E-15   1.0000    
   1     5  -0.495418522018860 -0.77716E-15   1.0000       -0.414343740427981 -0.66613E-15   1.0000    
   1     6  -0.254808704631463 -0.12212E-14   1.0000       -0.160187591961031 -0.61062E-15   0.0000    
   1     7  -0.254808704631462 -0.94369E-15   1.0000       -0.160187591961032 -0.83267E-15   0.0000    
   1     8  -0.008394788870960  0.12012E-12   0.0000       -0.006596586502414 -0.20614E-12   0.0000    
   1     9   0.034558468382377  0.42723E-13   0.0000        0.040849237787324 -0.85347E-12   0.0000    
   1    10   0.043924255134561  0.15726E-12   0.0000        0.046196253894731 -0.48408E-12   0.0000    
   1    11   0.043924255134659  0.28547E-13   0.0000        0.046196253901681 -0.10245E-11   0.0000    
   1    12   0.046117502032966 -0.34334E-13   0.0000        0.047126057457284  0.81416E-12   0.0000    
   1    13   0.053291065477112  0.20293E-12   0.0000        0.054131878046816 -0.50687E-12   0.0000    
   1    14   0.053636031319897  0.29328E-12   0.0000        0.054559831619853  0.99082E-12   0.0000    
   1    15   0.083538390796678  0.69944E-13   0.0000        0.091471272243716 -0.82816E-12   0.0000    
   1    16   0.097770379960303 -0.47199E-07   0.0000        0.099306664696227 -0.27677E-10   0.0000    
   1    17   0.097777655881877 -0.43793E-06   0.0000        0.099307275856677 -0.38198E-07   0.0000    
   1    18   0.099911499317393 -0.31504E-06   0.0000        0.100812296159959 -0.84046E-06   0.0000    
