 Total Energy   -31.8340269647288       6.394884621840902E-014
 Harris Energy  -31.8340269647288     
 Free Energy    -31.8340269647288     
 Ion-Ion                       4.87559655953520     
 Local Potential              -26.4592834046452     
 Ion Local Potential          -80.9829810393094     
 Ion Nonlocal Potential     Not computed
 Kinetic Energy             Not computed
 Hartree Energy                31.6933052522280     
 Exchange-Correlation Energy  -6.83623956096532     
 Exchange Energy              -6.38104747698399     
 Correlation Energy          -0.455192083981328     
 Sum of eigenvalues           -7.04299158086260     
 Fermi energy                -0.224042214525655     
 Entropy                      0.000000000000000E+000
 Constant of local part       0.000000000000000E+000
 Total Energy (wo constant)   -31.8340269647288     
 Dispersion energy            0.000000000000000E+000
 Eigenvalues
   k     n          esp(n,k,s)    esp_err   occ(n,k,s)  
   1     1  -1.201547545555924 -0.13808E-10   1.0000       -1.137740134074385 -0.16070E-10   1.0000    
   1     2  -0.753446440564998 -0.86275E-11   1.0000       -0.670872041790499 -0.93890E-11   1.0000    
   1     3  -0.501229253898263 -0.87026E-11   1.0000       -0.449014230805622 -0.84396E-11   1.0000    
   1     4  -0.495418522022020 -0.10435E-10   1.0000       -0.414343740430258 -0.11894E-10   1.0000    
   1     5  -0.495418522022010 -0.10453E-10   1.0000       -0.414343740430242 -0.11955E-10   1.0000    
   1     6  -0.254808704634206 -0.97625E-11   1.0000       -0.160187591962980 -0.11178E-10   0.0000    
   1     7  -0.254808704634173 -0.97555E-11   1.0000       -0.160187591962960 -0.11241E-10   0.0000    
   1     8  -0.008394788866472 -0.11750E-10   0.0000       -0.006596586502459 -0.88219E-12   0.0000    
   1     9   0.034558468386744 -0.12942E-10   0.0000        0.040849237783768  0.20796E-11   0.0000    
   1    10   0.043924255139545 -0.13037E-10   0.0000        0.046196253893834  0.41132E-11   0.0000    
   1    11   0.043924255139836 -0.13514E-10   0.0000        0.046196253901180  0.35441E-11   0.0000    
   1    12   0.046117502036101 -0.77900E-11   0.0000        0.047126057459146 -0.46587E-11   0.0000    
   1    13   0.053291065481054 -0.10168E-10   0.0000        0.054131878048551  0.23142E-11   0.0000    
   1    14   0.053636031324889 -0.12385E-10   0.0000        0.054559831621214 -0.12574E-10   0.0000    
   1    15   0.083538390801545 -0.13193E-10   0.0000        0.091471272240360  0.22679E-11   0.0000    
   1    16   0.097769971701304 -0.95251E-07   0.0000        0.099306675365029 -0.70993E-09   0.0000    
   1    17   0.097846293321467 -0.18045E-05   0.0000        0.099306904828149 -0.12090E-07   0.0000    
   1    18   0.099697612737135 -0.42485E-06   0.0000        0.100792895817768 -0.78068E-07   0.0000    
