AX  13.477915800000000
A1   2.000000000000000   0.000000000000000   0.000000000000000
A2   0.000000000000000   2.000000000000000   0.000000000000000
A3   0.000000000000000   0.000000000000000   2.000000000000000
AA
           2         192          14           8  /
     1      0.000000000000      0.000000000000      0.000000000000   1
     1      0.000000000000      0.000000000000      0.500000000000   1
     1      0.000000000000      0.500000000000      0.000000000000   1
     1      0.000000000000      0.500000000000      0.500000000000   1
     1      0.500000000000      0.000000000000      0.000000000000   1
     1      0.500000000000      0.000000000000      0.500000000000   1
     1      0.500000000000      0.500000000000      0.000000000000   1
     1      0.500000000000      0.500000000000      0.500000000000   1
     1      0.250000000000      0.250000000000      0.000000000000   1
     1      0.250000000000      0.250000000000      0.500000000000   1
     1      0.250000000000      0.750000000000      0.000000000000   1
     1      0.250000000000      0.750000000000      0.500000000000   1
     1      0.750000000000      0.250000000000      0.000000000000   1
     1      0.750000000000      0.250000000000      0.500000000000   1
     1      0.750000000000      0.750000000000      0.000000000000   1
     1      0.750000000000      0.750000000000      0.500000000000   1
     1      0.125000000000      0.125000000000      0.125000000000   1
     1      0.125000000000      0.125000000000      0.625000000000   1
     1      0.125000000000      0.625000000000      0.125000000000   1
     1      0.125000000000      0.625000000000      0.625000000000   1
     1      0.625000000000      0.125000000000      0.125000000000   1
     1      0.625000000000      0.125000000000      0.625000000000   1
     1      0.625000000000      0.625000000000      0.125000000000   1
     1      0.625000000000      0.625000000000      0.625000000000   1
     1      0.375000000000      0.375000000000      0.125000000000   1
     1      0.375000000000      0.375000000000      0.625000000000   1
     1      0.375000000000      0.875000000000      0.125000000000   1
     1      0.375000000000      0.875000000000      0.625000000000   1
     1      0.875000000000      0.375000000000      0.125000000000   1
     1      0.875000000000      0.375000000000      0.625000000000   1
     1      0.875000000000      0.875000000000      0.125000000000   1
     1      0.875000000000      0.875000000000      0.625000000000   1
     1      0.250000000000      0.000000000000      0.250000000000   1
     1      0.250000000000      0.000000000000      0.750000000000   1
     1      0.250000000000      0.500000000000      0.250000000000   1
     1      0.250000000000      0.500000000000      0.750000000000   1
     1      0.750000000000      0.000000000000      0.250000000000   1
     1      0.750000000000      0.000000000000      0.750000000000   1
     1      0.750000000000      0.500000000000      0.250000000000   1
     1      0.750000000000      0.500000000000      0.750000000000   1
     1      0.000000000000      0.250000000000      0.250000000000   1
     1      0.000000000000      0.250000000000      0.750000000000   1
     1      0.000000000000      0.750000000000      0.250000000000   1
     1      0.000000000000      0.750000000000      0.750000000000   1
     1      0.500000000000      0.250000000000      0.250000000000   1
     1      0.500000000000      0.250000000000      0.750000000000   1
     1      0.500000000000      0.750000000000      0.250000000000   1
     1      0.500000000000      0.750000000000      0.750000000000   1
     1      0.125000000000      0.375000000000      0.375000000000   1
     1      0.125000000000      0.375000000000      0.875000000000   1
     1      0.125000000000      0.875000000000      0.375000000000   1
     1      0.125000000000      0.875000000000      0.875000000000   1
     1      0.625000000000      0.375000000000      0.375000000000   1
     1      0.625000000000      0.375000000000      0.875000000000   1
     1      0.625000000000      0.875000000000      0.375000000000   1
     1      0.625000000000      0.875000000000      0.875000000000   1
     1      0.375000000000      0.125000000000      0.375000000000   1
     1      0.375000000000      0.125000000000      0.875000000000   1
     1      0.375000000000      0.625000000000      0.375000000000   1
     1      0.375000000000      0.625000000000      0.875000000000   1
     1      0.875000000000      0.125000000000      0.375000000000   1
     1      0.875000000000      0.125000000000      0.875000000000   1
     1      0.875000000000      0.625000000000      0.375000000000   1
     1      0.875000000000      0.625000000000      0.875000000000   1
     2      0.062500000000      0.062500000000      0.062500000000   1
     2      0.062500000000      0.062500000000      0.562500000000   1
     2      0.062500000000      0.562500000000      0.062500000000   1
     2      0.062500000000      0.562500000000      0.562500000000   1
     2      0.562500000000      0.062500000000      0.062500000000   1
     2      0.562500000000      0.062500000000      0.562500000000   1
     2      0.562500000000      0.562500000000      0.062500000000   1
     2      0.562500000000      0.562500000000      0.562500000000   1
     2      0.312500000000      0.312500000000      0.062500000000   1
     2      0.312500000000      0.312500000000      0.562500000000   1
     2      0.312500000000      0.812500000000      0.062500000000   1
     2      0.312500000000      0.812500000000      0.562500000000   1
     2      0.812500000000      0.312500000000      0.062500000000   1
     2      0.812500000000      0.312500000000      0.562500000000   1
     2      0.812500000000      0.812500000000      0.062500000000   1
     2      0.812500000000      0.812500000000      0.562500000000   1
     2      0.187500000000      0.187500000000      0.062500000000   1
     2      0.187500000000      0.187500000000      0.562500000000   1
     2      0.187500000000      0.687500000000      0.062500000000   1
     2      0.187500000000      0.687500000000      0.562500000000   1
     2      0.687500000000      0.187500000000      0.062500000000   1
     2      0.687500000000      0.187500000000      0.562500000000   1
     2      0.687500000000      0.687500000000      0.062500000000   1
     2      0.687500000000      0.687500000000      0.562500000000   1
     2      0.437500000000      0.437500000000      0.062500000000   1
     2      0.437500000000      0.437500000000      0.562500000000   1
     2      0.437500000000      0.937500000000      0.062500000000   1
     2      0.437500000000      0.937500000000      0.562500000000   1
     2      0.937500000000      0.437500000000      0.062500000000   1
     2      0.937500000000      0.437500000000      0.562500000000   1
     2      0.937500000000      0.937500000000      0.062500000000   1
     2      0.937500000000      0.937500000000      0.562500000000   1
     2      0.187500000000      0.062500000000      0.187500000000   1
     2      0.187500000000      0.062500000000      0.687500000000   1
     2      0.187500000000      0.562500000000      0.187500000000   1
     2      0.187500000000      0.562500000000      0.687500000000   1
     2      0.687500000000      0.062500000000      0.187500000000   1
     2      0.687500000000      0.062500000000      0.687500000000   1
     2      0.687500000000      0.562500000000      0.187500000000   1
     2      0.687500000000      0.562500000000      0.687500000000   1
     2      0.062500000000      0.187500000000      0.187500000000   1
     2      0.062500000000      0.187500000000      0.687500000000   1
     2      0.062500000000      0.687500000000      0.187500000000   1
     2      0.062500000000      0.687500000000      0.687500000000   1
     2      0.562500000000      0.187500000000      0.187500000000   1
     2      0.562500000000      0.187500000000      0.687500000000   1
     2      0.562500000000      0.687500000000      0.187500000000   1
     2      0.562500000000      0.687500000000      0.687500000000   1
     2      0.437500000000      0.312500000000      0.187500000000   1
     2      0.437500000000      0.312500000000      0.687500000000   1
     2      0.437500000000      0.812500000000      0.187500000000   1
     2      0.437500000000      0.812500000000      0.687500000000   1
     2      0.937500000000      0.312500000000      0.187500000000   1
     2      0.937500000000      0.312500000000      0.687500000000   1
     2      0.937500000000      0.812500000000      0.187500000000   1
     2      0.937500000000      0.812500000000      0.687500000000   1
     2      0.312500000000      0.437500000000      0.187500000000   1
     2      0.312500000000      0.437500000000      0.687500000000   1
     2      0.312500000000      0.937500000000      0.187500000000   1
     2      0.312500000000      0.937500000000      0.687500000000   1
     2      0.812500000000      0.437500000000      0.187500000000   1
     2      0.812500000000      0.437500000000      0.687500000000   1
     2      0.812500000000      0.937500000000      0.187500000000   1
     2      0.812500000000      0.937500000000      0.687500000000   1
     2      0.062500000000      0.312500000000      0.312500000000   1
     2      0.062500000000      0.312500000000      0.812500000000   1
     2      0.062500000000      0.812500000000      0.312500000000   1
     2      0.062500000000      0.812500000000      0.812500000000   1
     2      0.562500000000      0.312500000000      0.312500000000   1
     2      0.562500000000      0.312500000000      0.812500000000   1
     2      0.562500000000      0.812500000000      0.312500000000   1
     2      0.562500000000      0.812500000000      0.812500000000   1
     2      0.187500000000      0.437500000000      0.312500000000   1
     2      0.187500000000      0.437500000000      0.812500000000   1
     2      0.187500000000      0.937500000000      0.312500000000   1
     2      0.187500000000      0.937500000000      0.812500000000   1
     2      0.687500000000      0.437500000000      0.312500000000   1
     2      0.687500000000      0.437500000000      0.812500000000   1
     2      0.687500000000      0.937500000000      0.312500000000   1
     2      0.687500000000      0.937500000000      0.812500000000   1
     2      0.312500000000      0.062500000000      0.312500000000   1
     2      0.312500000000      0.062500000000      0.812500000000   1
     2      0.312500000000      0.562500000000      0.312500000000   1
     2      0.312500000000      0.562500000000      0.812500000000   1
     2      0.812500000000      0.062500000000      0.312500000000   1
     2      0.812500000000      0.062500000000      0.812500000000   1
     2      0.812500000000      0.562500000000      0.312500000000   1
     2      0.812500000000      0.562500000000      0.812500000000   1
     2      0.437500000000      0.187500000000      0.312500000000   1
     2      0.437500000000      0.187500000000      0.812500000000   1
     2      0.437500000000      0.687500000000      0.312500000000   1
     2      0.437500000000      0.687500000000      0.812500000000   1
     2      0.937500000000      0.187500000000      0.312500000000   1
     2      0.937500000000      0.187500000000      0.812500000000   1
     2      0.937500000000      0.687500000000      0.312500000000   1
     2      0.937500000000      0.687500000000      0.812500000000   1
     2      0.062500000000      0.437500000000      0.437500000000   1
     2      0.062500000000      0.437500000000      0.937500000000   1
     2      0.062500000000      0.937500000000      0.437500000000   1
     2      0.062500000000      0.937500000000      0.937500000000   1
     2      0.562500000000      0.437500000000      0.437500000000   1
     2      0.562500000000      0.437500000000      0.937500000000   1
     2      0.562500000000      0.937500000000      0.437500000000   1
     2      0.562500000000      0.937500000000      0.937500000000   1
     2      0.187500000000      0.312500000000      0.437500000000   1
     2      0.187500000000      0.312500000000      0.937500000000   1
     2      0.187500000000      0.812500000000      0.437500000000   1
     2      0.187500000000      0.812500000000      0.937500000000   1
     2      0.687500000000      0.312500000000      0.437500000000   1
     2      0.687500000000      0.312500000000      0.937500000000   1
     2      0.687500000000      0.812500000000      0.437500000000   1
     2      0.687500000000      0.812500000000      0.937500000000   1
     2      0.312500000000      0.187500000000      0.437500000000   1
     2      0.312500000000      0.187500000000      0.937500000000   1
     2      0.312500000000      0.687500000000      0.437500000000   1
     2      0.312500000000      0.687500000000      0.937500000000   1
     2      0.812500000000      0.187500000000      0.437500000000   1
     2      0.812500000000      0.187500000000      0.937500000000   1
     2      0.812500000000      0.687500000000      0.437500000000   1
     2      0.812500000000      0.687500000000      0.937500000000   1
     2      0.437500000000      0.062500000000      0.437500000000   1
     2      0.437500000000      0.062500000000      0.937500000000   1
     2      0.437500000000      0.562500000000      0.437500000000   1
     2      0.437500000000      0.562500000000      0.937500000000   1
     2      0.937500000000      0.062500000000      0.437500000000   1
     2      0.937500000000      0.062500000000      0.937500000000   1
     2      0.937500000000      0.562500000000      0.437500000000   1
     2      0.937500000000      0.562500000000      0.937500000000   1
